1.000000000000000021e-02 0.000000000000000000e+00 0.000000000000000000e+00
2.999999999999999889e-02 0.000000000000000000e+00 0.000000000000000000e+00
5.000000000000000278e-02 0.000000000000000000e+00 0.000000000000000000e+00
7.000000000000000666e-02 0.000000000000000000e+00 0.000000000000000000e+00
8.999999999999999667e-02 0.000000000000000000e+00 0.000000000000000000e+00
1.100000000000000006e-01 0.000000000000000000e+00 0.000000000000000000e+00
1.300000000000000044e-01 0.000000000000000000e+00 0.000000000000000000e+00
1.500000000000000222e-01 0.000000000000000000e+00 0.000000000000000000e+00
1.699999999999999845e-01 0.000000000000000000e+00 0.000000000000000000e+00
1.900000000000000022e-01 0.000000000000000000e+00 0.000000000000000000e+00
2.100000000000000200e-01 0.000000000000000000e+00 0.000000000000000000e+00
2.299999999999999822e-01 0.000000000000000000e+00 0.000000000000000000e+00
2.500000000000000000e-01 0.000000000000000000e+00 0.000000000000000000e+00
2.700000000000000178e-01 0.000000000000000000e+00 0.000000000000000000e+00
2.900000000000000355e-01 0.000000000000000000e+00 0.000000000000000000e+00
3.099999999999999978e-01 0.000000000000000000e+00 0.000000000000000000e+00
3.300000000000000155e-01 0.000000000000000000e+00 0.000000000000000000e+00
3.499999999999999778e-01 0.000000000000000000e+00 0.000000000000000000e+00
3.699999999999999956e-01 0.000000000000000000e+00 0.000000000000000000e+00
3.900000000000000133e-01 0.000000000000000000e+00 0.000000000000000000e+00
4.100000000000000311e-01 0.000000000000000000e+00 0.000000000000000000e+00
4.299999999999999933e-01 6.118833300179031767e+02 3.193821649104341270e-02
4.500000000000000111e-01 7.285657449771234724e+02 3.553306640960953583e-02
4.699999999999999734e-01 8.743410582852595780e+02 4.000479025223735441e-02
4.899999999999999911e-01 1.032114083946687970e+03 4.446563682280153806e-02
5.100000000000000089e-01 1.204930873284264862e+03 4.904487776482677197e-02
5.300000000000000266e-01 1.376815197931171497e+03 5.311242099611558631e-02
5.500000000000000444e-01 1.557216033419534597e+03 5.709658612222304197e-02
5.700000000000000622e-01 1.719464889596180683e+03 6.008357397996528376e-02
5.899999999999999689e-01 1.883578675154167513e+03 6.288186804431873667e-02
6.099999999999999867e-01 2.034700119355480410e+03 6.504667832831638463e-02
6.300000000000000044e-01 2.172083250447583396e+03 6.663782864187720034e-02
6.500000000000000222e-01 2.289325144221205846e+03 6.753782641507954931e-02
6.700000000000000400e-01 2.396869405211855792e+03 6.812384694820582121e-02
6.900000000000000577e-01 2.485950865327233259e+03 6.819172473778062349e-02
7.099999999999999645e-01 2.564402227968967509e+03 6.800365020086192314e-02
7.299999999999999822e-01 2.625385418738810131e+03 6.741025160607759525e-02
7.500000000000000000e-01 2.674557390093495087e+03 6.659047384805620584e-02
7.700000000000000178e-01 2.712974935349114730e+03 6.558997601032726110e-02
7.900000000000000355e-01 2.739954247065844356e+03 6.440760501645359515e-02
8.100000000000000533e-01 2.761090113387706424e+03 6.318531089534543121e-02
8.300000000000000711e-01 2.770539088919832466e+03 6.179484498632707712e-02
8.499999999999999778e-01 2.773833797493534348e+03 6.036771270645317766e-02
8.699999999999999956e-01 2.773212154366420691e+03 5.895255582098517244e-02
8.900000000000000133e-01 2.771906703799482329e+03 5.761413802630031139e-02
9.100000000000000311e-01 2.766747065844439476e+03 5.628138225417191054e-02
9.300000000000000488e-01 2.760095484384323754e+03 5.499938485363360663e-02
9.499999999999999556e-01 2.753754724487765543e+03 5.379872276626493366e-02
9.699999999999999734e-01 2.744865227770041201e+03 5.261837465267229369e-02
9.899999999999999911e-01 2.736473045554007513e+03 5.151304566838926791e-02
1.010000000000000009e+00 2.725407797891386053e+03 5.041867302563197289e-02
1.030000000000000027e+00 2.712104634971155065e+03 4.934119068645251294e-02
1.050000000000000044e+00 2.696812214044160555e+03 4.828281866298527597e-02
1.070000000000000062e+00 2.678535906107021219e+03 4.722374397243080113e-02
1.090000000000000080e+00 2.655783767654664189e+03 4.613670707045710445e-02
1.110000000000000098e+00 2.628307141436243455e+03 4.501726705767803566e-02
1.130000000000000115e+00 2.603565744977122904e+03 4.399140220605511631e-02
1.149999999999999911e+00 2.577767555201908635e+03 4.299083654700065760e-02
1.169999999999999929e+00 2.551099065048736065e+03 4.201642301023546938e-02
1.189999999999999947e+00 2.524990053709965650e+03 4.108926402380923271e-02
1.209999999999999964e+00 2.496270141237317603e+03 4.015555452171627043e-02
1.229999999999999982e+00 2.468917843644319873e+03 3.927769580837535413e-02
1.250000000000000000e+00 2.434665307340361323e+03 3.832268114768869194e-02
1.270000000000000018e+00 2.390839466878853273e+03 3.725019913511767866e-02
1.290000000000000036e+00 2.323453351899740483e+03 3.584683049741996946e-02
1.310000000000000053e+00 2.239407201113983774e+03 3.422619793562120538e-02
1.330000000000000071e+00 2.122786950467474981e+03 3.215173197120367587e-02
1.350000000000000089e+00 1.977073801472050491e+03 2.968592329973174584e-02
1.370000000000000107e+00 1.819300775810622099e+03 2.709026670555874164e-02
1.390000000000000124e+00 1.646483986473044979e+03 2.432165258937627264e-02
1.410000000000000142e+00 1.474537497513427070e+03 2.161516028709273979e-02
1.429999999999999938e+00 1.293888004774218871e+03 1.882788328314038279e-02
1.449999999999999956e+00 1.131639148597572785e+03 1.635102964734110043e-02
1.469999999999999973e+00 9.674010344141629503e+02 1.388357983021092784e-02
1.489999999999999991e+00 8.159066043365819496e+02 1.163359824535642462e-02
1.510000000000000009e+00 6.782126516809231589e+02 9.610252783372082164e-03
1.530000000000000027e+00 5.605356077183212165e+02 7.895505222013718752e-03
1.550000000000000044e+00 4.524318679132683769e+02 6.336453233733509681e-03
1.570000000000000062e+00 3.626666003580664892e+02 5.051515427921125095e-03
1.590000000000000080e+00 2.828476228366818646e+02 3.919122665440912152e-03
1.610000000000000098e+00 2.198130097473641626e+02 3.030467072451844233e-03
1.630000000000000115e+00 1.675328227571115747e+02 2.298636286944108834e-03
1.650000000000000133e+00 1.258827332405012811e+02 1.719261038689915127e-03
1.669999999999999929e+00 9.436542669584244436e+01 1.283163320738442024e-03
1.689999999999999947e+00 6.688880047742190982e+01 9.057345492318654443e-04
1.709999999999999964e+00 4.774219216232345531e+01 6.438885234458751987e-04
1.729999999999999982e+00 3.356872886413367496e+01 4.510073491055389245e-04
1.750000000000000000e+00 2.362243883031629110e+01 3.162210954966016680e-04
1.770000000000000018e+00 1.641137855579868443e+01 2.189288715651739972e-04
1.790000000000000036e+00 1.168689078973542905e+01 1.553892284838364777e-04
1.810000000000000053e+00 7.770539088919831805e+00 1.029927821202501352e-04
1.830000000000000071e+00 5.221802267754127591e+00 6.900448500371857499e-05
1.850000000000000089e+00 3.667694449970160697e+00 4.832998935147389861e-05
1.870000000000000107e+00 2.548736821165704658e+00 3.349488852178982294e-05
1.890000000000000124e+00 1.740600755918042086e+00 2.281623892423561019e-05
1.910000000000000142e+00 1.305450566938531676e+00 1.707088768487550015e-05
1.929999999999999938e+00 9.324646906703796256e-01 1.216568183608454915e-05
1.949999999999999956e+00 8.081360652476624606e-01 1.052089672714418366e-05
1.969999999999999973e+00 7.459717525363038781e-01 9.691901146313180307e-06
1.989999999999999991e+00 6.838074398249451846e-01 8.867295979185877699e-06
