1.000000000000000021e-02 8.205689277899342216e+00 3.803008722430836208e-01
2.999999999999999889e-02 1.996717724288839975e+02 1.344021023092281331e+00
5.000000000000000278e-02 7.248358862144419845e+02 1.831518973536645500e+00
7.000000000000000666e-02 1.736870897155360808e+03 2.297956379861256337e+00
8.999999999999999667e-02 2.989606126914660763e+03 2.447353894503096150e+00
1.100000000000000006e-01 4.625273522975929154e+03 2.589944505478817938e+00
1.300000000000000044e-01 5.169584245076585830e+03 2.117160934726815213e+00
1.500000000000000222e-01 6.154266958424506811e+03 1.933806112017631307e+00
1.699999999999999845e-01 7.913019693654266121e+03 1.977570931625758144e+00
1.900000000000000022e-01 8.063457330415753859e+03 1.648258798604524511e+00
2.100000000000000200e-01 8.760940919037198910e+03 1.497997474081533831e+00
2.299999999999999822e-01 8.257658643326038145e+03 1.202969818313470274e+00
2.500000000000000000e-01 8.140043763676148046e+03 1.025939126329619810e+00
2.700000000000000178e-01 8.109956236323850135e+03 8.958849401278931035e-01
2.900000000000000355e-01 8.049781181619255221e+03 7.881300301999445423e-01
3.099999999999999978e-01 8.367067833698029062e+03 7.331063816988743209e-01
3.300000000000000155e-01 7.270240700218817437e+03 5.749106367420868668e-01
3.499999999999999778e-01 6.660284463894966393e+03 4.789052530290394127e-01
3.699999999999999956e-01 6.463347921225382379e+03 4.254099532484152957e-01
3.900000000000000133e-01 6.794310722100655767e+03 4.117879122799186220e-01
4.100000000000000311e-01 5.935448577680524977e+03 3.330322782056854836e-01
4.299999999999999933e-01 5.434901531728664850e+03 2.836832664206992982e-01
4.500000000000000111e-01 4.321663019693653951e+03 2.107729331737248357e-01
4.699999999999999734e-01 3.358862144420130790e+03 1.536821064279337845e-01
4.899999999999999911e-01 2.478118161925601726e+03 1.067625216108028796e-01
5.100000000000000089e-01 1.868161925601750454e+03 7.604068857187090691e-02
5.300000000000000266e-01 1.498905908096279973e+03 5.782222751753381823e-02
5.500000000000000444e-01 1.329321663019693460e+03 4.874065459631207742e-02
5.700000000000000622e-01 1.113238512035010899e+03 3.890009554711561929e-02
5.899999999999999689e-01 1.107768052516411217e+03 3.698200952309437656e-02
6.099999999999999867e-01 9.463894967177242279e+02 3.025482358835013957e-02
6.300000000000000044e-01 7.330415754923412806e+02 2.248914671431887294e-02
6.500000000000000222e-01 7.467177242888401452e+02 2.202906484095732559e-02
6.700000000000000400e-01 3.884026258205689146e+02 1.103918343575459489e-02
6.900000000000000577e-01 2.789934354485776566e+02 7.653024771771927207e-03
7.099999999999999645e-01 1.559080962800875056e+02 4.134421475413596614e-03
7.299999999999999822e-01 1.285557986870896912e+02 3.300840582515295312e-03
7.500000000000000000e-01 6.564551422319473772e+01 1.634425910736969027e-03
7.700000000000000178e-01 4.649890590809627611e+01 1.124176299338361992e-03
7.900000000000000355e-01 3.008752735229759168e+01 7.072620207814579946e-04
8.100000000000000533e-01 2.735229759299780739e+01 6.259351763768009579e-04
8.300000000000000711e-01 1.914660831509846517e+01 4.270510737701656095e-04
8.499999999999999778e-01 1.641137855579868443e+01 3.571653740280056701e-04
8.699999999999999956e-01 1.914660831509846517e+01 4.070159196804248522e-04
8.900000000000000133e-01 1.641137855579868443e+01 3.411108418691025795e-04
9.100000000000000311e-01 8.205689277899342216e+00 1.669207643191114544e-04
9.300000000000000488e-01 5.470459518599561477e+00 1.090077897999945650e-04
9.499999999999999556e-01 1.641137855579868443e+01 3.206208589618931800e-04
9.699999999999999734e-01 2.735229759299780739e+00 5.243366515043779825e-05
9.899999999999999911e-01 8.205689277899342216e+00 1.544689238579596694e-04
1.010000000000000009e+00 2.735229759299780739e+00 5.060037436996046395e-05
1.030000000000000027e+00 2.735229759299780739e+00 4.976190497395964143e-05
1.050000000000000044e+00 8.205689277899342216e+00 1.469119004083273554e-04
1.070000000000000062e+00 5.470459518599561477e+00 9.644656214198644756e-05
1.090000000000000080e+00 1.094091903719912295e+01 1.900674229764629994e-04
1.110000000000000098e+00 2.735229759299780739e+00 4.684862229275860591e-05
1.130000000000000115e+00 2.735229759299780739e+00 4.621607604857517169e-05
1.149999999999999911e+00 0.000000000000000000e+00 0.000000000000000000e+00
1.169999999999999929e+00 0.000000000000000000e+00 0.000000000000000000e+00
1.189999999999999947e+00 2.735229759299780739e+00 4.451050315248428234e-05
1.209999999999999964e+00 0.000000000000000000e+00 0.000000000000000000e+00
1.229999999999999982e+00 2.735229759299780739e+00 4.351441775527535664e-05
1.250000000000000000e+00 2.735229759299780739e+00 4.305369514868640559e-05
1.270000000000000018e+00 5.470459518599561477e+00 8.523186489574509491e-05
1.290000000000000036e+00 2.735229759299780739e+00 4.219982186126067437e-05
1.310000000000000053e+00 2.735229759299780739e+00 4.180415026558220536e-05
1.330000000000000071e+00 8.205689277899342216e+00 1.242833729705659332e-04
1.350000000000000089e+00 0.000000000000000000e+00 0.000000000000000000e+00
1.370000000000000107e+00 0.000000000000000000e+00 0.000000000000000000e+00
1.390000000000000124e+00 2.735229759299780739e+00 4.040446703664412817e-05
1.410000000000000142e+00 2.735229759299780739e+00 4.009557557470829148e-05
1.429999999999999938e+00 5.470459518599561477e+00 7.960285043318699426e-05
1.449999999999999956e+00 0.000000000000000000e+00 0.000000000000000000e+00
1.469999999999999973e+00 2.735229759299780739e+00 3.925443468251388812e-05
1.489999999999999991e+00 0.000000000000000000e+00 0.000000000000000000e+00
1.510000000000000009e+00 0.000000000000000000e+00 0.000000000000000000e+00
1.530000000000000027e+00 0.000000000000000000e+00 0.000000000000000000e+00
1.550000000000000044e+00 2.735229759299780739e+00 3.830776893161230262e-05
1.570000000000000062e+00 0.000000000000000000e+00 0.000000000000000000e+00
1.590000000000000080e+00 0.000000000000000000e+00 0.000000000000000000e+00
1.610000000000000098e+00 2.735229759299780739e+00 3.770943189702521801e-05
1.630000000000000115e+00 0.000000000000000000e+00 0.000000000000000000e+00
1.650000000000000133e+00 0.000000000000000000e+00 0.000000000000000000e+00
1.669999999999999929e+00 2.735229759299780739e+00 3.719313973154904585e-05
1.689999999999999947e+00 0.000000000000000000e+00 0.000000000000000000e+00
1.709999999999999964e+00 0.000000000000000000e+00 0.000000000000000000e+00
1.729999999999999982e+00 0.000000000000000000e+00 0.000000000000000000e+00
1.750000000000000000e+00 2.735229759299780739e+00 3.661507421539598247e-05
1.770000000000000018e+00 0.000000000000000000e+00 0.000000000000000000e+00
1.790000000000000036e+00 0.000000000000000000e+00 0.000000000000000000e+00
1.810000000000000053e+00 0.000000000000000000e+00 0.000000000000000000e+00
1.830000000000000071e+00 0.000000000000000000e+00 0.000000000000000000e+00
1.850000000000000089e+00 0.000000000000000000e+00 0.000000000000000000e+00
1.870000000000000107e+00 0.000000000000000000e+00 0.000000000000000000e+00
1.890000000000000124e+00 5.470459518599561477e+00 7.170817947616907318e-05
1.910000000000000142e+00 0.000000000000000000e+00 0.000000000000000000e+00
1.929999999999999938e+00 2.735229759299780739e+00 3.568600005251469106e-05
1.949999999999999956e+00 2.735229759299780739e+00 3.560918892264185761e-05
1.969999999999999973e+00 2.735229759299780739e+00 3.553697086981500293e-05
1.989999999999999991e+00 0.000000000000000000e+00 0.000000000000000000e+00
