# z   n   n_V
1.900000e+00 0.000000e+00 0.000000e+00
1.925000e+00 0.000000e+00 0.000000e+00
1.950000e+00 1.000000e+00 2.581581e-07
1.975000e+00 2.650095e+01 6.825537e-06
2.000000e+00 4.484037e+01 1.152419e-05
2.025000e+00 5.725961e+01 1.468694e-05
2.050000e+00 6.500000e+01 1.664231e-05
2.075000e+00 6.930289e+01 1.771486e-05
2.100000e+00 7.140963e+01 1.822607e-05
2.125000e+00 7.256155e+01 1.849527e-05
2.150000e+00 7.400000e+01 1.883946e-05
2.175000e+00 7.659998e+01 1.948064e-05
2.200000e+00 7.977112e+01 2.026833e-05
2.225000e+00 8.255670e+01 2.095955e-05
2.250000e+00 8.400000e+01 2.131153e-05
2.275000e+00 8.348467e+01 2.116911e-05
2.300000e+00 8.175588e+01 2.072183e-05
2.325000e+00 7.989915e+01 2.024452e-05
2.350000e+00 7.900000e+01 2.001244e-05
2.375000e+00 7.983632e+01 2.022201e-05
2.400000e+00 8.195535e+01 2.075846e-05
2.425000e+00 8.459671e+01 2.142945e-05
2.450000e+00 8.700000e+01 2.204205e-05
2.475000e+00 8.870131e+01 2.247923e-05
2.500000e+00 9.042270e+01 2.292359e-05
2.525000e+00 9.318275e+01 2.363377e-05
2.550000e+00 9.800000e+01 2.486856e-05
2.575000e+00 1.055616e+02 2.680352e-05
2.600000e+00 1.152288e+02 2.927805e-05
2.625000e+00 1.260317e+02 3.204697e-05
2.650000e+00 1.370000e+02 3.486468e-05
2.675000e+00 1.474117e+02 3.754781e-05
2.700000e+00 1.575369e+02 4.016533e-05
2.725000e+00 1.678937e+02 4.284972e-05
2.750000e+00 1.790000e+02 4.573385e-05
2.775000e+00 1.911508e+02 4.889442e-05
2.800000e+00 2.037484e+02 5.217947e-05
2.825000e+00 2.159718e+02 5.537972e-05
2.850000e+00 2.270000e+02 5.828414e-05
2.875000e+00 2.364693e+02 6.079862e-05
2.900000e+00 2.458445e+02 6.329890e-05
2.925000e+00 2.570474e+02 6.628043e-05
2.950000e+00 2.720000e+02 7.024280e-05
2.975000e+00 2.921438e+02 7.556215e-05
3.000000e+00 3.169987e+02 8.212357e-05
3.025000e+00 3.456043e+02 8.968165e-05
3.050000e+00 3.770000e+02 9.799484e-05
3.075000e+00 4.106430e+02 1.069251e-04
3.100000e+00 4.476606e+02 1.167697e-04
3.125000e+00 4.895979e+02 1.279419e-04
3.150000e+00 5.380000e+02 1.408486e-04
3.175000e+00 5.940812e+02 1.558256e-04
3.200000e+00 6.577339e+02 1.728528e-04
3.225000e+00 7.285196e+02 1.918266e-04
3.250000e+00 8.060000e+02 2.126534e-04
3.275000e+00 8.910321e+02 2.355596e-04
3.300000e+00 9.896538e+02 2.621683e-04
3.325000e+00 1.109199e+03 2.944504e-04
3.350000e+00 1.257000e+03 3.343814e-04
3.375000e+00 1.437759e+03 3.832888e-04
3.400000e+00 1.645651e+03 4.396592e-04
3.425000e+00 1.872217e+03 5.012709e-04
3.450000e+00 2.109000e+03 5.659301e-04
3.475000e+00 2.347321e+03 6.312879e-04
3.500000e+00 2.577618e+03 6.947729e-04
3.525000e+00 2.790106e+03 7.537837e-04
3.550000e+00 2.975000e+03 8.055832e-04
3.575000e+00 3.122814e+03 8.475528e-04
3.600000e+00 3.225252e+03 8.774340e-04
3.625000e+00 3.274314e+03 8.928863e-04
3.650000e+00 3.262000e+03 8.916221e-04
3.675000e+00 3.184077e+03 8.724393e-04
3.700000e+00 3.051374e+03 8.381073e-04
3.725000e+00 2.878483e+03 7.925205e-04
3.750000e+00 2.680000e+03 7.396981e-04
3.775000e+00 2.469221e+03 6.832197e-04
3.800000e+00 2.254254e+03 6.252713e-04
3.825000e+00 2.041910e+03 5.677859e-04
3.850000e+00 1.839000e+03 5.126695e-04
3.875000e+00 1.651384e+03 4.615260e-04
3.900000e+00 1.481112e+03 4.149777e-04
3.925000e+00 1.329284e+03 3.734032e-04
3.950000e+00 1.197000e+03 3.371138e-04
3.975000e+00 1.084386e+03 3.061749e-04
4.000000e+00 9.876743e+02 2.795901e-04
4.025000e+00 9.021258e+02 2.560496e-04
4.050000e+00 8.230000e+02 2.342017e-04
4.075000e+00 7.465425e+02 2.129930e-04
4.100000e+00 6.729410e+02 1.925031e-04
4.125000e+00 6.033691e+02 1.730653e-04
4.150000e+00 5.390000e+02 1.550101e-04
4.175000e+00 4.806475e+02 1.385915e-04
4.200000e+00 4.276866e+02 1.236534e-04
4.225000e+00 3.791323e+02 1.099138e-04
4.250000e+00 3.340000e+02 9.708776e-05
4.275000e+00 2.916174e+02 8.499332e-05
4.300000e+00 2.525628e+02 7.381166e-05
4.325000e+00 2.177267e+02 6.380633e-05
4.350000e+00 1.880000e+02 5.524345e-05
4.375000e+00 1.638046e+02 4.826274e-05
4.400000e+00 1.436874e+02 4.245183e-05
4.425000e+00 1.257265e+02 3.724912e-05
4.450000e+00 1.080000e+02 3.208494e-05
4.475000e+00 8.858599e+01 2.638836e-05
4.500000e+00 6.556259e+01 1.958380e-05
4.525000e+00 3.700789e+01 1.108551e-05
4.550000e+00 1.000000e+00 3.003802e-07
4.575000e+00 0.000000e+00 0.000000e+00
4.600000e+00 0.000000e+00 0.000000e+00
4.625000e+00 0.000000e+00 0.000000e+00
4.650000e+00 0.000000e+00 0.000000e+00
4.675000e+00 0.000000e+00 0.000000e+00
4.700000e+00 0.000000e+00 0.000000e+00
4.725000e+00 0.000000e+00 0.000000e+00
4.750000e+00 0.000000e+00 0.000000e+00
4.775000e+00 0.000000e+00 0.000000e+00
4.800000e+00 0.000000e+00 0.000000e+00
4.825000e+00 0.000000e+00 0.000000e+00
4.850000e+00 0.000000e+00 0.000000e+00
4.875000e+00 0.000000e+00 0.000000e+00
4.900000e+00 0.000000e+00 0.000000e+00
4.925000e+00 0.000000e+00 0.000000e+00
4.950000e+00 0.000000e+00 0.000000e+00
4.975000e+00 0.000000e+00 0.000000e+00
5.000000e+00 0.000000e+00 0.000000e+00
5.025000e+00 0.000000e+00 0.000000e+00
5.050000e+00 0.000000e+00 0.000000e+00
5.075000e+00 0.000000e+00 0.000000e+00
5.100000e+00 0.000000e+00 0.000000e+00
5.125000e+00 0.000000e+00 0.000000e+00
5.150000e+00 0.000000e+00 0.000000e+00
5.175000e+00 0.000000e+00 0.000000e+00
5.200000e+00 0.000000e+00 0.000000e+00
5.225000e+00 0.000000e+00 0.000000e+00
5.250000e+00 0.000000e+00 0.000000e+00
5.275000e+00 0.000000e+00 0.000000e+00
5.300000e+00 0.000000e+00 0.000000e+00
5.325000e+00 0.000000e+00 0.000000e+00
5.350000e+00 0.000000e+00 0.000000e+00
5.375000e+00 0.000000e+00 0.000000e+00
5.400000e+00 0.000000e+00 0.000000e+00
5.425000e+00 0.000000e+00 0.000000e+00
5.450000e+00 0.000000e+00 0.000000e+00
5.475000e+00 0.000000e+00 0.000000e+00
5.500000e+00 0.000000e+00 0.000000e+00
5.525000e+00 0.000000e+00 0.000000e+00
5.550000e+00 0.000000e+00 0.000000e+00
5.575000e+00 0.000000e+00 0.000000e+00
5.600000e+00 0.000000e+00 0.000000e+00
5.625000e+00 0.000000e+00 0.000000e+00
