# z   n   n_V
1.900000e+00 0.000000e+00 0.000000e+00
1.925000e+00 0.000000e+00 0.000000e+00
1.950000e+00 1.000000e+00 2.581581e-07
1.975000e+00 3.195394e+02 8.230000e-05
2.000000e+00 5.525451e+02 1.420067e-04
2.025000e+00 7.175282e+02 1.840441e-04
2.050000e+00 8.320000e+02 2.130216e-04
2.075000e+00 9.134718e+02 2.334971e-04
2.100000e+00 9.794549e+02 2.499890e-04
2.125000e+00 1.047461e+03 2.669880e-04
2.150000e+00 1.135000e+03 2.889566e-04
2.175000e+00 1.254183e+03 3.189593e-04
2.200000e+00 1.395510e+03 3.545727e-04
2.225000e+00 1.544083e+03 3.920127e-04
2.250000e+00 1.685000e+03 4.274991e-04
2.275000e+00 1.807345e+03 4.582861e-04
2.300000e+00 1.916129e+03 4.856617e-04
2.325000e+00 2.020349e+03 5.119078e-04
2.350000e+00 2.129000e+03 5.393226e-04
2.375000e+00 2.248080e+03 5.694237e-04
2.400000e+00 2.371598e+03 6.007017e-04
2.425000e+00 2.490567e+03 6.308930e-04
2.450000e+00 2.596000e+03 6.577144e-04
2.475000e+00 2.681290e+03 6.795092e-04
2.500000e+00 2.749355e+03 6.970053e-04
2.525000e+00 2.805492e+03 7.115519e-04
2.550000e+00 2.855000e+03 7.244872e-04
2.575000e+00 2.902118e+03 7.368874e-04
2.600000e+00 2.946857e+03 7.487554e-04
2.625000e+00 2.988167e+03 7.598224e-04
2.650000e+00 3.025000e+03 7.698224e-04
2.675000e+00 3.057127e+03 7.786925e-04
2.700000e+00 3.087593e+03 7.872070e-04
2.725000e+00 3.120262e+03 7.963515e-04
2.750000e+00 3.159000e+03 8.071130e-04
2.775000e+00 3.205921e+03 8.200417e-04
2.800000e+00 3.256147e+03 8.338913e-04
2.825000e+00 3.303049e+03 8.469715e-04
2.850000e+00 3.340000e+03 8.575728e-04
2.875000e+00 3.360751e+03 8.640825e-04
2.900000e+00 3.360569e+03 8.652638e-04
2.925000e+00 3.335103e+03 8.599662e-04
2.950000e+00 3.280000e+03 8.470456e-04
2.975000e+00 3.192607e+03 8.257587e-04
3.000000e+00 3.077076e+03 7.971656e-04
3.025000e+00 2.939257e+03 7.627144e-04
3.050000e+00 2.785000e+03 7.239141e-04
3.075000e+00 2.619257e+03 6.820139e-04
3.100000e+00 2.443377e+03 6.373409e-04
3.125000e+00 2.257808e+03 5.900112e-04
3.150000e+00 2.063000e+03 5.400941e-04
3.175000e+00 1.860083e+03 4.878937e-04
3.200000e+00 1.652917e+03 4.343874e-04
3.225000e+00 1.446042e+03 3.807577e-04
3.250000e+00 1.244000e+03 3.282145e-04
3.275000e+00 1.051316e+03 2.779333e-04
3.300000e+00 8.724544e+02 2.311211e-04
3.325000e+00 7.118659e+02 1.889735e-04
3.350000e+00 5.740000e+02 1.526929e-04
3.375000e+00 4.617008e+02 1.230837e-04
3.400000e+00 3.713902e+02 9.922221e-05
3.425000e+00 2.978845e+02 7.975617e-05
3.450000e+00 2.360000e+02 6.332835e-05
3.475000e+00 1.805530e+02 4.855787e-05
3.500000e+00 1.263598e+02 3.405911e-05
3.525000e+00 6.823670e+01 1.843504e-05
3.550000e+00 1.000000e+00 2.707843e-07
3.575000e+00 0.000000e+00 0.000000e+00
3.600000e+00 0.000000e+00 0.000000e+00
3.625000e+00 0.000000e+00 0.000000e+00
3.650000e+00 0.000000e+00 0.000000e+00
3.675000e+00 0.000000e+00 0.000000e+00
3.700000e+00 0.000000e+00 0.000000e+00
3.725000e+00 0.000000e+00 0.000000e+00
3.750000e+00 0.000000e+00 0.000000e+00
3.775000e+00 0.000000e+00 0.000000e+00
3.800000e+00 0.000000e+00 0.000000e+00
3.825000e+00 0.000000e+00 0.000000e+00
3.850000e+00 0.000000e+00 0.000000e+00
3.875000e+00 0.000000e+00 0.000000e+00
3.900000e+00 0.000000e+00 0.000000e+00
3.925000e+00 0.000000e+00 0.000000e+00
3.950000e+00 0.000000e+00 0.000000e+00
3.975000e+00 0.000000e+00 0.000000e+00
4.000000e+00 0.000000e+00 0.000000e+00
4.025000e+00 0.000000e+00 0.000000e+00
4.050000e+00 0.000000e+00 0.000000e+00
4.075000e+00 0.000000e+00 0.000000e+00
4.100000e+00 0.000000e+00 0.000000e+00
4.125000e+00 0.000000e+00 0.000000e+00
4.150000e+00 0.000000e+00 0.000000e+00
4.175000e+00 0.000000e+00 0.000000e+00
4.200000e+00 0.000000e+00 0.000000e+00
4.225000e+00 0.000000e+00 0.000000e+00
4.250000e+00 0.000000e+00 0.000000e+00
4.275000e+00 0.000000e+00 0.000000e+00
4.300000e+00 0.000000e+00 0.000000e+00
4.325000e+00 0.000000e+00 0.000000e+00
4.350000e+00 0.000000e+00 0.000000e+00
4.375000e+00 0.000000e+00 0.000000e+00
4.400000e+00 0.000000e+00 0.000000e+00
4.425000e+00 0.000000e+00 0.000000e+00
4.450000e+00 0.000000e+00 0.000000e+00
4.475000e+00 0.000000e+00 0.000000e+00
4.500000e+00 0.000000e+00 0.000000e+00
4.525000e+00 0.000000e+00 0.000000e+00
4.550000e+00 0.000000e+00 0.000000e+00
4.575000e+00 0.000000e+00 0.000000e+00
4.600000e+00 0.000000e+00 0.000000e+00
4.625000e+00 0.000000e+00 0.000000e+00
4.650000e+00 0.000000e+00 0.000000e+00
4.675000e+00 0.000000e+00 0.000000e+00
4.700000e+00 0.000000e+00 0.000000e+00
4.725000e+00 0.000000e+00 0.000000e+00
4.750000e+00 0.000000e+00 0.000000e+00
4.775000e+00 0.000000e+00 0.000000e+00
4.800000e+00 0.000000e+00 0.000000e+00
4.825000e+00 0.000000e+00 0.000000e+00
4.850000e+00 0.000000e+00 0.000000e+00
4.875000e+00 0.000000e+00 0.000000e+00
4.900000e+00 0.000000e+00 0.000000e+00
4.925000e+00 0.000000e+00 0.000000e+00
4.950000e+00 0.000000e+00 0.000000e+00
4.975000e+00 0.000000e+00 0.000000e+00
5.000000e+00 0.000000e+00 0.000000e+00
5.025000e+00 0.000000e+00 0.000000e+00
5.050000e+00 0.000000e+00 0.000000e+00
5.075000e+00 0.000000e+00 0.000000e+00
5.100000e+00 0.000000e+00 0.000000e+00
5.125000e+00 0.000000e+00 0.000000e+00
5.150000e+00 0.000000e+00 0.000000e+00
5.175000e+00 0.000000e+00 0.000000e+00
5.200000e+00 0.000000e+00 0.000000e+00
5.225000e+00 0.000000e+00 0.000000e+00
5.250000e+00 0.000000e+00 0.000000e+00
5.275000e+00 0.000000e+00 0.000000e+00
5.300000e+00 0.000000e+00 0.000000e+00
5.325000e+00 0.000000e+00 0.000000e+00
5.350000e+00 0.000000e+00 0.000000e+00
5.375000e+00 0.000000e+00 0.000000e+00
5.400000e+00 0.000000e+00 0.000000e+00
5.425000e+00 0.000000e+00 0.000000e+00
5.450000e+00 0.000000e+00 0.000000e+00
5.475000e+00 0.000000e+00 0.000000e+00
5.500000e+00 0.000000e+00 0.000000e+00
5.525000e+00 0.000000e+00 0.000000e+00
5.550000e+00 0.000000e+00 0.000000e+00
5.575000e+00 0.000000e+00 0.000000e+00
5.600000e+00 0.000000e+00 0.000000e+00
5.625000e+00 0.000000e+00 0.000000e+00
