1.000000000000000021e-02 0.000000000000000000e+00 0.000000000000000000e+00
2.999999999999999889e-02 0.000000000000000000e+00 0.000000000000000000e+00
5.000000000000000278e-02 0.000000000000000000e+00 0.000000000000000000e+00
7.000000000000000666e-02 0.000000000000000000e+00 0.000000000000000000e+00
8.999999999999999667e-02 0.000000000000000000e+00 0.000000000000000000e+00
1.100000000000000006e-01 0.000000000000000000e+00 0.000000000000000000e+00
1.300000000000000044e-01 0.000000000000000000e+00 0.000000000000000000e+00
1.500000000000000222e-01 0.000000000000000000e+00 0.000000000000000000e+00
1.699999999999999845e-01 0.000000000000000000e+00 0.000000000000000000e+00
1.900000000000000022e-01 0.000000000000000000e+00 0.000000000000000000e+00
2.100000000000000200e-01 0.000000000000000000e+00 0.000000000000000000e+00
2.299999999999999822e-01 0.000000000000000000e+00 0.000000000000000000e+00
2.500000000000000000e-01 0.000000000000000000e+00 0.000000000000000000e+00
2.700000000000000178e-01 0.000000000000000000e+00 0.000000000000000000e+00
2.900000000000000355e-01 0.000000000000000000e+00 0.000000000000000000e+00
3.099999999999999978e-01 0.000000000000000000e+00 0.000000000000000000e+00
3.300000000000000155e-01 0.000000000000000000e+00 0.000000000000000000e+00
3.499999999999999778e-01 0.000000000000000000e+00 0.000000000000000000e+00
3.699999999999999956e-01 0.000000000000000000e+00 0.000000000000000000e+00
3.900000000000000133e-01 0.000000000000000000e+00 0.000000000000000000e+00
4.100000000000000311e-01 0.000000000000000000e+00 0.000000000000000000e+00
4.299999999999999933e-01 0.000000000000000000e+00 0.000000000000000000e+00
4.500000000000000111e-01 0.000000000000000000e+00 0.000000000000000000e+00
4.699999999999999734e-01 0.000000000000000000e+00 0.000000000000000000e+00
4.899999999999999911e-01 0.000000000000000000e+00 0.000000000000000000e+00
5.100000000000000089e-01 0.000000000000000000e+00 0.000000000000000000e+00
5.300000000000000266e-01 0.000000000000000000e+00 0.000000000000000000e+00
5.500000000000000444e-01 0.000000000000000000e+00 0.000000000000000000e+00
5.700000000000000622e-01 0.000000000000000000e+00 0.000000000000000000e+00
5.899999999999999689e-01 5.680353033332846735e+02 1.896343458326455247e-02
6.099999999999999867e-01 8.392812832975724859e+02 2.683071531883858205e-02
6.300000000000000044e-01 1.590985389207572553e+03 4.881019717632734123e-02
6.500000000000000222e-01 3.483625500527895383e+03 1.027711135500742473e-01
6.700000000000000400e-01 5.730223370456325028e+03 1.628644677174203581e-01
6.900000000000000577e-01 7.925734553575338396e+03 2.174095701408734760e-01
7.099999999999999645e-01 1.009448604360370155e+04 2.676888556637987415e-01
7.299999999999999822e-01 1.189468357879269934e+04 3.054117719623344884e-01
7.500000000000000000e-01 1.324726442955632228e+04 3.298271403044443217e-01
7.700000000000000178e-01 1.465336466650124021e+04 3.542656529639903740e-01
7.900000000000000355e-01 1.617015272486656431e+04 3.801088324282185238e-01
8.100000000000000533e-01 1.836688025767151703e+04 4.203111784115826088e-01
8.300000000000000711e-01 2.098081573275337723e+04 4.679617266824647737e-01
8.499999999999999778e-01 2.352541927573674184e+04 5.119902113168487423e-01
8.699999999999999956e-01 2.584864717587929772e+04 5.494869237226167602e-01
8.900000000000000133e-01 2.665751971702840456e+04 5.540770972956956530e-01
9.100000000000000311e-01 2.651034140502984519e+04 5.392754100019981900e-01
9.300000000000000488e-01 2.623301367663586279e+04 5.227353992768716262e-01
9.499999999999999556e-01 2.629991290936247970e+04 5.138081873471483929e-01
9.699999999999999734e-01 2.693971284416613707e+04 5.164275058492959758e-01
9.899999999999999911e-01 2.789333099794192822e+04 5.250811572491048684e-01
1.010000000000000009e+00 2.900507461088972559e+04 5.365792869683382316e-01
1.030000000000000027e+00 3.066660828188173400e+04 5.579161465350926941e-01
1.050000000000000044e+00 3.120910024181030894e+04 5.587572318765766655e-01
1.070000000000000062e+00 3.021290984902666605e+04 5.326666393082736262e-01
1.090000000000000080e+00 2.895155522470843425e+04 5.029511208347073881e-01
1.110000000000000098e+00 2.750166639906973069e+04 4.710445903752170094e-01
1.130000000000000115e+00 2.740800747325246630e+04 4.631020679038040377e-01
1.149999999999999911e+00 2.762451771734952490e+04 4.607091603274043323e-01
1.169999999999999929e+00 2.817795682445154671e+04 4.640889762850858302e-01
1.189999999999999947e+00 2.783859526207470117e+04 4.530185729225622571e-01
1.209999999999999964e+00 2.688619345798484937e+04 4.324972643979892450e-01
1.229999999999999982e+00 2.575985364880578709e+04 4.098101920607379878e-01
1.250000000000000000e+00 2.446565758296720742e+04 3.850999937419782304e-01
1.270000000000000018e+00 2.286615774595806943e+04 3.562635389334201097e-01
1.290000000000000036e+00 2.197578977585107714e+04 3.390480856858026359e-01
1.310000000000000053e+00 2.233339658351700200e+04 3.413346405521686111e-01
1.330000000000000071e+00 2.276155167296735817e+04 3.447464704250177703e-01
1.350000000000000089e+00 2.280534026166114199e+04 3.424240315803545598e-01
1.370000000000000107e+00 2.209255934570117461e+04 3.289688724596733227e-01
1.390000000000000124e+00 2.233704563257481641e+04 3.299600045988199670e-01
1.410000000000000142e+00 2.238569962001235035e+04 3.281506819875715242e-01
1.429999999999999938e+00 2.240272851561549396e+04 3.259910874507968015e-01
1.449999999999999956e+00 2.228474259607946078e+04 3.219917650634749884e-01
1.469999999999999973e+00 2.233096388414512330e+04 3.204810711814419788e-01
1.489999999999999991e+00 2.217770382371687447e+04 3.162206249076922049e-01
1.510000000000000009e+00 2.054779524455926730e+04 2.911616378016025353e-01
1.530000000000000027e+00 1.863447718857799191e+04 2.624786185320232557e-01
1.550000000000000044e+00 1.654722112750750603e+04 2.317491323197382880e-01
1.570000000000000062e+00 1.454146049539489832e+04 2.025452908110871586e-01
1.590000000000000080e+00 1.283005648727941298e+04 1.777726277983161796e-01
1.610000000000000098e+00 1.090214223506687449e+04 1.503031285569888520e-01
1.630000000000000115e+00 8.305235655588154259e+03 1.139520944933556101e-01
1.650000000000000133e+00 5.756983063546972517e+03 7.862680152204967743e-02
1.669999999999999929e+00 3.793794670442215192e+03 5.158730626222998022e-02
1.689999999999999947e+00 2.385261734125419935e+03 3.229859028922704711e-02
1.709999999999999964e+00 1.111743612947798965e+03 1.499384341124279478e-02
1.729999999999999982e+00 0.000000000000000000e+00 0.000000000000000000e+00
1.750000000000000000e+00 0.000000000000000000e+00 0.000000000000000000e+00
1.770000000000000018e+00 0.000000000000000000e+00 0.000000000000000000e+00
1.790000000000000036e+00 0.000000000000000000e+00 0.000000000000000000e+00
1.810000000000000053e+00 0.000000000000000000e+00 0.000000000000000000e+00
1.830000000000000071e+00 0.000000000000000000e+00 0.000000000000000000e+00
1.850000000000000089e+00 0.000000000000000000e+00 0.000000000000000000e+00
1.870000000000000107e+00 0.000000000000000000e+00 0.000000000000000000e+00
1.890000000000000124e+00 0.000000000000000000e+00 0.000000000000000000e+00
1.910000000000000142e+00 0.000000000000000000e+00 0.000000000000000000e+00
1.929999999999999938e+00 0.000000000000000000e+00 0.000000000000000000e+00
1.949999999999999956e+00 0.000000000000000000e+00 0.000000000000000000e+00
1.969999999999999973e+00 0.000000000000000000e+00 0.000000000000000000e+00
1.989999999999999991e+00 0.000000000000000000e+00 0.000000000000000000e+00
