# z   n   n_V
4.786432e-02 3.669983e-02 8.848013e-07
7.072864e-02 2.452389e-02 1.392925e-06
9.359296e-02 7.205199e-02 2.204086e-06
1.164573e-01 1.816171e-01 2.982574e-06
1.393216e-01 3.555523e-01 3.688302e-06
1.621859e-01 5.961904e-01 4.330043e-06
1.850503e-01 9.058645e-01 4.922890e-06
2.079146e-01 1.286908e+00 5.480221e-06
2.307789e-01 1.741653e+00 6.012612e-06
2.536432e-01 2.272432e+00 6.528235e-06
2.765075e-01 2.881580e+00 7.033418e-06
2.993719e-01 3.571429e+00 7.533120e-06
3.222362e-01 4.344311e+00 8.031268e-06
3.451005e-01 5.202561e+00 8.531070e-06
3.679648e-01 6.148510e+00 9.035138e-06
3.908291e-01 7.184492e+00 9.545699e-06
4.136935e-01 8.312840e+00 1.006462e-05
4.365578e-01 9.535886e+00 1.059353e-05
4.594221e-01 1.085596e+01 1.113388e-05
4.822864e-01 1.227541e+01 1.168696e-05
5.051508e-01 1.379655e+01 1.225394e-05
5.280151e-01 1.542172e+01 1.283588e-05
5.508794e-01 1.715325e+01 1.343376e-05
5.737437e-01 1.899349e+01 1.404857e-05
5.966080e-01 2.094475e+01 1.468113e-05
6.194724e-01 2.300937e+01 1.533237e-05
6.423367e-01 2.518969e+01 1.600270e-05
6.652010e-01 2.748751e+01 1.669023e-05
6.880653e-01 2.990016e+01 1.739218e-05
7.109296e-01 3.242273e+01 1.810627e-05
7.337940e-01 3.505028e+01 1.883060e-05
7.566583e-01 3.777788e+01 1.956361e-05
7.795226e-01 4.060058e+01 2.030395e-05
8.023869e-01 4.351346e+01 2.105045e-05
8.252513e-01 4.651158e+01 2.180211e-05
8.481156e-01 4.959001e+01 2.255804e-05
8.709799e-01 5.274381e+01 2.331745e-05
8.938442e-01 5.596804e+01 2.407958e-05
9.167085e-01 5.925777e+01 2.484370e-05
9.395729e-01 6.260807e+01 2.560923e-05
9.624372e-01 6.601399e+01 2.637561e-05
9.853015e-01 6.947062e+01 2.714205e-05
1.008166e+00 7.297300e+01 2.790822e-05
1.031030e+00 7.651621e+01 2.867333e-05
1.053894e+00 8.009530e+01 2.943697e-05
1.076759e+00 8.370535e+01 3.019843e-05
1.099623e+00 8.734143e+01 3.095733e-05
1.122487e+00 9.099858e+01 3.171279e-05
1.145352e+00 9.467189e+01 3.246461e-05
1.168216e+00 9.835641e+01 3.321183e-05
1.191080e+00 1.020472e+02 3.395386e-05
1.213945e+00 1.057389e+02 3.468866e-05
1.236809e+00 1.094218e+02 3.541316e-05
1.259673e+00 1.130833e+02 3.612448e-05
1.282538e+00 1.167113e+02 3.682003e-05
1.305402e+00 1.202931e+02 3.749709e-05
1.328266e+00 1.238165e+02 3.815299e-05
1.351131e+00 1.272690e+02 3.878506e-05
1.373995e+00 1.306382e+02 3.939070e-05
1.396859e+00 1.339117e+02 3.996743e-05
1.419724e+00 1.370771e+02 4.051268e-05
1.442588e+00 1.401220e+02 4.102392e-05
1.465452e+00 1.430340e+02 4.149860e-05
1.488317e+00 1.458006e+02 4.193417e-05
1.511181e+00 1.484095e+02 4.232809e-05
1.534045e+00 1.508483e+02 4.267779e-05
1.556910e+00 1.531045e+02 4.298072e-05
1.579774e+00 1.551658e+02 4.323427e-05
1.602638e+00 1.570197e+02 4.343584e-05
1.625503e+00 1.586539e+02 4.358278e-05
1.648367e+00 1.600558e+02 4.367244e-05
1.671231e+00 1.612132e+02 4.370212e-05
1.694095e+00 1.621136e+02 4.366925e-05
1.716960e+00 1.627446e+02 4.357105e-05
1.739824e+00 1.630937e+02 4.340469e-05
1.762688e+00 1.631487e+02 4.316734e-05
1.785553e+00 1.628970e+02 4.285638e-05
1.808417e+00 1.623274e+02 4.247669e-05
1.831281e+00 1.614568e+02 4.204166e-05
1.854146e+00 1.603338e+02 4.156430e-05
1.877010e+00 1.590086e+02 4.105735e-05
1.899874e+00 1.575314e+02 4.053357e-05
1.922739e+00 1.559523e+02 4.000608e-05
1.945603e+00 1.543214e+02 3.948537e-05
1.968467e+00 1.526806e+02 3.896937e-05
1.991332e+00 1.510261e+02 3.845273e-05
2.014196e+00 1.493389e+02 3.793119e-05
2.037060e+00 1.476000e+02 3.739867e-05
2.059925e+00 1.457905e+02 3.684959e-05
2.082789e+00 1.438914e+02 3.628013e-05
2.105653e+00 1.418839e+02 3.568743e-05
2.128518e+00 1.397609e+02 3.507332e-05
2.151382e+00 1.375331e+02 3.444219e-05
2.174246e+00 1.352124e+02 3.379556e-05
2.197111e+00 1.328110e+02 3.313610e-05
2.219975e+00 1.303411e+02 3.246806e-05
2.242839e+00 1.278146e+02 3.179221e-05
2.265704e+00 1.252437e+02 3.111298e-05
2.288568e+00 1.226406e+02 3.043239e-05
2.311432e+00 1.200173e+02 2.975272e-05
2.334296e+00 1.173858e+02 2.907833e-05
2.357161e+00 1.147582e+02 2.840854e-05
2.380025e+00 1.121418e+02 2.774585e-05
2.402889e+00 1.095378e+02 2.708791e-05
2.425754e+00 1.069471e+02 2.643669e-05
2.448618e+00 1.043706e+02 2.579063e-05
2.471482e+00 1.018091e+02 2.515081e-05
2.494347e+00 9.926352e+01 2.451664e-05
2.517211e+00 9.673477e+01 2.388835e-05
2.540075e+00 9.422369e+01 2.326609e-05
2.562940e+00 9.173118e+01 2.264962e-05
2.585804e+00 8.925810e+01 2.203931e-05
2.608668e+00 8.680534e+01 2.143503e-05
2.631533e+00 8.437378e+01 2.083682e-05
2.654397e+00 8.196429e+01 2.024513e-05
2.677261e+00 7.957775e+01 1.965928e-05
2.700126e+00 7.721503e+01 1.908060e-05
2.722990e+00 7.487702e+01 1.850751e-05
2.745854e+00 7.256460e+01 1.794221e-05
2.768719e+00 7.027864e+01 1.738246e-05
2.791583e+00 6.802001e+01 1.683085e-05
2.814447e+00 6.578961e+01 1.628520e-05
2.837312e+00 6.358830e+01 1.574751e-05
2.860176e+00 6.141696e+01 1.521693e-05
2.883040e+00 5.927647e+01 1.469356e-05
2.905905e+00 5.716772e+01 1.417867e-05
2.928769e+00 5.509156e+01 1.367054e-05
2.951633e+00 5.304890e+01 1.317146e-05
2.974497e+00 5.104059e+01 1.267991e-05
2.997362e+00 4.906753e+01 1.219686e-05
3.020226e+00 4.713058e+01 1.172299e-05
3.043090e+00 4.523063e+01 1.125696e-05
3.065955e+00 4.336856e+01 1.080077e-05
3.088819e+00 4.154523e+01 1.035346e-05
3.111683e+00 3.976154e+01 9.915335e-06
3.134548e+00 3.801835e+01 9.487604e-06
3.157412e+00 3.631655e+01 9.068981e-06
3.180276e+00 3.465701e+01 8.660803e-06
3.203141e+00 3.304061e+01 8.263389e-06
3.226005e+00 3.146823e+01 7.875838e-06
3.248869e+00 2.994075e+01 7.499650e-06
3.271734e+00 2.845904e+01 7.134734e-06
3.294598e+00 2.702399e+01 6.780608e-06
3.317462e+00 2.563646e+01 6.438628e-06
3.340327e+00 2.429735e+01 6.108611e-06
3.363191e+00 2.300752e+01 5.790312e-06
3.386055e+00 2.176785e+01 5.484923e-06
3.408920e+00 2.057923e+01 5.192352e-06
3.431784e+00 1.944252e+01 4.912393e-06
3.454648e+00 1.835862e+01 4.646133e-06
3.477513e+00 1.732838e+01 4.393654e-06
3.500377e+00 1.635271e+01 4.154522e-06
3.523241e+00 1.543182e+01 3.929066e-06
3.546106e+00 1.456415e+01 3.716800e-06
3.568970e+00 1.374778e+01 3.516687e-06
3.591834e+00 1.298078e+01 3.328762e-06
3.614698e+00 1.226125e+01 3.152699e-06
3.637563e+00 1.158728e+01 2.987625e-06
3.660427e+00 1.095694e+01 2.833155e-06
3.683291e+00 1.036833e+01 2.689142e-06
3.706156e+00 9.819530e+00 2.554989e-06
3.729020e+00 9.308625e+00 2.429883e-06
3.751884e+00 8.833701e+00 2.313755e-06
3.774749e+00 8.392845e+00 2.206158e-06
3.797613e+00 7.984142e+00 2.106342e-06
3.820477e+00 7.605677e+00 2.013842e-06
3.843342e+00 7.255537e+00 1.928417e-06
3.866206e+00 6.931807e+00 1.849538e-06
3.889070e+00 6.632573e+00 1.776420e-06
3.911935e+00 6.355921e+00 1.708777e-06
3.934799e+00 6.099936e+00 1.646201e-06
3.957663e+00 5.862704e+00 1.588133e-06
3.980528e+00 5.642310e+00 1.533822e-06
4.003392e+00 5.436842e+00 1.482985e-06
4.026256e+00 5.244383e+00 1.435148e-06
4.049121e+00 5.063021e+00 1.389737e-06
4.071985e+00 4.890840e+00 1.346015e-06
4.094849e+00 4.725926e+00 1.303656e-06
4.117714e+00 4.566366e+00 1.262157e-06
4.140578e+00 4.410244e+00 1.220946e-06
4.163442e+00 4.255647e+00 1.179279e-06
4.186307e+00 4.100661e+00 1.136761e-06
4.209171e+00 3.943370e+00 1.092884e-06
4.232035e+00 3.781861e+00 1.047071e-06
4.254899e+00 3.614219e+00 9.986084e-07
4.277764e+00 3.438531e+00 9.469642e-07
4.300628e+00 3.252881e+00 8.916551e-07
4.323492e+00 3.055356e+00 8.320831e-07
4.346357e+00 2.844041e+00 7.676064e-07
4.369221e+00 2.617023e+00 6.975345e-07
4.392085e+00 2.372386e+00 6.213886e-07
4.414950e+00 2.108216e+00 5.385578e-07
4.437814e+00 1.822600e+00 4.484104e-07
4.460678e+00 1.513622e+00 3.502646e-07
4.483543e+00 1.179369e+00 2.435129e-07
4.506407e+00 8.179268e-01 1.275579e-07
4.529271e+00 4.273803e-01 1.740194e-09
4.552136e+00 5.815618e-03 -1.346077e-07
4.575000e+00 -4.486816e-01 -2.821174e-07
