1.000000000000000021e-02 0.000000000000000000e+00 0.000000000000000000e+00
2.999999999999999889e-02 0.000000000000000000e+00 0.000000000000000000e+00
5.000000000000000278e-02 3.829321663019693034e+01 9.675949294155861136e-02
7.000000000000000666e-02 1.832603938730853201e+02 2.424615392924474866e-01
8.999999999999999667e-02 3.938730853391684263e+02 3.224327180315149644e-01
1.100000000000000006e-01 9.135667396061268164e+02 5.115561589768924389e-01
1.300000000000000044e-01 1.247264770240700045e+03 5.108070826642474582e-01
1.500000000000000222e-01 1.419584245076586285e+03 4.460646098387335834e-01
1.699999999999999845e-01 1.624726477024069936e+03 4.060411798775320769e-01
1.900000000000000022e-01 2.051422319474835604e+03 4.193331407575961456e-01
2.100000000000000200e-01 2.335886214442012715e+03 3.994036349877083114e-01
2.299999999999999822e-01 2.817286652078774296e+03 4.104203089973085250e-01
2.500000000000000000e-01 3.473741794310721616e+03 4.378167642602880383e-01
2.700000000000000178e-01 4.362691466083150772e+03 4.819347317045495349e-01
2.900000000000000355e-01 5.462253829321662124e+03 5.347929562722695263e-01
3.099999999999999978e-01 6.364879649890590372e+03 5.576785061174504010e-01
3.300000000000000155e-01 7.450765864332603087e+03 5.891860701600618588e-01
3.499999999999999778e-01 8.476477024070021798e+03 6.094978969761778442e-01
3.699999999999999956e-01 9.819474835886214350e+03 6.463062768352987320e-01
3.900000000000000133e-01 1.024070021881837965e+04 6.206658387987179504e-01
4.100000000000000311e-01 1.077133479212253769e+04 6.043691758405480563e-01
4.299999999999999933e-01 1.163019693654266848e+04 6.070564916058447391e-01
4.500000000000000111e-01 1.234956236323851044e+04 6.023036666325111144e-01
4.699999999999999734e-01 1.280634573304157493e+04 5.859443178302816690e-01
4.899999999999999911e-01 1.129923413566739509e+04 4.867946763512436270e-01
5.100000000000000089e-01 9.647155361050326974e+03 3.926727797847565093e-01
5.300000000000000266e-01 8.085339168490152588e+03 3.119023805507846192e-01
5.500000000000000444e-01 6.553610503282275204e+03 2.402934329480735376e-01
5.700000000000000622e-01 5.678336980306345140e+03 1.984191605793907409e-01
5.899999999999999689e-01 5.363785557986870117e+03 1.790659769747853514e-01
6.099999999999999867e-01 5.659190371991247048e+03 1.809168497234001083e-01
6.300000000000000044e-01 5.741247264770239781e+03 1.761370110199824979e-01
6.500000000000000222e-01 5.057439824945295186e+03 1.492005160839930122e-01
6.700000000000000400e-01 4.100109409190371480e+03 1.165333519027896975e-01
6.900000000000000577e-01 2.995076586433260218e+03 8.215747181461040272e-02
7.099999999999999645e-01 2.650437636761487738e+03 7.028516508203114244e-02
7.299999999999999822e-01 2.081509846827133060e+03 5.344552517647106066e-02
7.500000000000000000e-01 1.706783369803063351e+03 4.249507367916119382e-02
7.700000000000000178e-01 1.310175054704595141e+03 3.167532043429855532e-02
7.900000000000000355e-01 1.126914660831509764e+03 2.649017750563278581e-02
8.100000000000000533e-01 1.033916849015317212e+03 2.366034966704307421e-02
8.300000000000000711e-01 8.260393873085338328e+02 1.842420346837000261e-02
8.499999999999999778e-01 7.850109409190371252e+02 1.708441039100627376e-02
8.699999999999999956e-01 6.673960612691465712e+02 1.418741205743195150e-02
8.900000000000000133e-01 5.935448577680524522e+02 1.233684211426587692e-02
9.100000000000000311e-01 4.294310722100656221e+02 8.735519999366831226e-03
9.300000000000000488e-01 4.376367614879649182e+02 8.720623183999565847e-03
9.499999999999999556e-01 3.501094091903719345e+02 6.839911657853721752e-03
9.699999999999999734e-01 3.282275711159737170e+02 6.292039818052536440e-03
9.899999999999999911e-01 2.762582056892778724e+02 5.200453769884641995e-03
1.010000000000000009e+00 3.282275711159737170e+02 6.072044924395256053e-03
1.030000000000000027e+00 2.215536105032822434e+02 4.030714302890730204e-03
1.050000000000000044e+00 2.078774617067833503e+02 3.721768143677626952e-03
1.070000000000000062e+00 2.625820568927789509e+02 4.629434982815349049e-03
1.090000000000000080e+00 1.777899343544857516e+02 3.088595623367523368e-03
1.110000000000000098e+00 1.914660831509846730e+02 3.279403560493103064e-03
1.130000000000000115e+00 1.805251641137855358e+02 3.050261019205961332e-03
1.149999999999999911e+00 1.777899343544857516e+02 2.965099778725780160e-03
1.169999999999999929e+00 2.379649890590809491e+02 3.919266710930878646e-03
1.189999999999999947e+00 1.969365426695842132e+02 3.204756226978868437e-03
1.209999999999999964e+00 2.215536105032822434e+02 3.563960462082797938e-03
1.229999999999999982e+00 2.188183807439824591e+02 3.481153420422028206e-03
1.250000000000000000e+00 2.407002188183807334e+02 3.788725173084403312e-03
1.270000000000000018e+00 2.461706783369802736e+02 3.835433920308529542e-03
1.290000000000000036e+00 2.024070021881837818e+02 3.122786817733289727e-03
1.310000000000000053e+00 2.461706783369802736e+02 3.762373523902398740e-03
1.330000000000000071e+00 3.336980306345732856e+02 5.054190500803014581e-03
1.350000000000000089e+00 2.789934354485776566e+02 4.189109035630615534e-03
1.370000000000000107e+00 2.899343544857767938e+02 4.317262485981207196e-03
1.390000000000000124e+00 2.817286652078774409e+02 4.161660104774344768e-03
1.410000000000000142e+00 2.844638949671772252e+02 4.169939859769662693e-03
1.429999999999999938e+00 2.324945295404813805e+02 3.383121143410447364e-03
1.449999999999999956e+00 2.242888402625820277e+02 3.240744614788326847e-03
1.469999999999999973e+00 2.324945295404813805e+02 3.336626948013680666e-03
1.489999999999999991e+00 2.297592997811815962e+02 3.276021265892371109e-03
1.510000000000000009e+00 1.832603938730853201e+02 2.596794244306222747e-03
1.530000000000000027e+00 2.625820568927789509e+02 3.698637468979254581e-03
1.550000000000000044e+00 1.859956236323851044e+02 2.604928287349636985e-03
1.570000000000000062e+00 1.777899343544857516e+02 2.476402832337061197e-03
1.590000000000000080e+00 1.559080962800875056e+02 2.160254867016661064e-03
1.610000000000000098e+00 1.559080962800875056e+02 2.149437618130437162e-03
1.630000000000000115e+00 2.324945295404813805e+02 3.189944234942844806e-03
1.650000000000000133e+00 1.449671772428883969e+02 1.979909502333274986e-03
1.669999999999999929e+00 1.668490153172866428e+02 2.268781523624491519e-03
1.689999999999999947e+00 1.805251641137855358e+02 2.444473170045852357e-03
1.709999999999999964e+00 1.312910284463894754e+02 1.770693439476156688e-03
1.729999999999999982e+00 1.449671772428883969e+02 1.947683589100216058e-03
1.750000000000000000e+00 1.367614879649890440e+02 1.830753710769798988e-03
1.770000000000000018e+00 1.285557986870896912e+02 1.714942827260529726e-03
1.790000000000000036e+00 1.285557986870896912e+02 1.709281513322200930e-03
1.810000000000000053e+00 9.299781181619255221e+01 1.232617616415153817e-03
1.830000000000000071e+00 1.066739606126914595e+02 1.409663050790250930e-03
1.850000000000000089e+00 1.312910284463894754e+02 1.730049788310387884e-03
1.870000000000000107e+00 1.094091903719912295e+02 1.437829360935368459e-03
1.890000000000000124e+00 1.176148796498905824e+02 1.541725858737635338e-03
1.910000000000000142e+00 6.017505470459518335e+01 7.868866323314040222e-04
1.929999999999999938e+00 8.205689277899342926e+01 1.070580001575440745e-03
1.949999999999999956e+00 1.039387308533916752e+02 1.353149179060390535e-03
1.969999999999999973e+00 7.385120350109409060e+01 9.594982134850049910e-04
1.989999999999999991e+00 1.039387308533916752e+02 1.347828988836253464e-03
