# z   n   n_V
1.900000e+00 0.000000e+00 0.000000e+00
1.925000e+00 0.000000e+00 0.000000e+00
1.950000e+00 1.000000e+00 2.581581e-07
1.975000e+00 1.139499e+02 2.934874e-05
2.000000e+00 1.948178e+02 5.006908e-05
2.025000e+00 2.512767e+02 6.445182e-05
2.050000e+00 2.910000e+02 7.450635e-05
2.075000e+00 3.216608e+02 8.222133e-05
2.100000e+00 3.509322e+02 8.956939e-05
2.125000e+00 3.864876e+02 9.851211e-05
2.150000e+00 4.360000e+02 1.110001e-04
2.175000e+00 5.047351e+02 1.283625e-04
2.200000e+00 5.883283e+02 1.494831e-04
2.225000e+00 6.800074e+02 1.726407e-04
2.250000e+00 7.730000e+02 1.961168e-04
2.275000e+00 8.623518e+02 2.186655e-04
2.300000e+00 9.503794e+02 2.408830e-04
2.325000e+00 1.041217e+03 2.638194e-04
2.350000e+00 1.139000e+03 2.885338e-04
2.375000e+00 1.246139e+03 3.156388e-04
2.400000e+00 1.358154e+03 3.440067e-04
2.425000e+00 1.468842e+03 3.720768e-04
2.450000e+00 1.572000e+03 3.982770e-04
2.475000e+00 1.663202e+03 4.214988e-04
2.500000e+00 1.745129e+03 4.424180e-04
2.525000e+00 1.822242e+03 4.621720e-04
2.550000e+00 1.899000e+03 4.818918e-04
2.575000e+00 1.979414e+03 5.026001e-04
2.600000e+00 2.065703e+03 5.248666e-04
2.625000e+00 2.159642e+03 5.491474e-04
2.650000e+00 2.263000e+03 5.759035e-04
2.675000e+00 2.376862e+03 6.054197e-04
2.700000e+00 2.499557e+03 6.372824e-04
2.725000e+00 2.628723e+03 6.709010e-04
2.750000e+00 2.762000e+03 7.056809e-04
2.775000e+00 2.896090e+03 7.407901e-04
2.800000e+00 3.023945e+03 7.744249e-04
2.825000e+00 3.137577e+03 8.045409e-04
2.850000e+00 3.229000e+03 8.290726e-04
2.875000e+00 3.291136e+03 8.461839e-04
2.900000e+00 3.320540e+03 8.549572e-04
2.925000e+00 3.314673e+03 8.546983e-04
2.950000e+00 3.271000e+03 8.447214e-04
2.975000e+00 3.188709e+03 8.247504e-04
3.000000e+00 3.073897e+03 7.963419e-04
3.025000e+00 2.934386e+03 7.614505e-04
3.050000e+00 2.778000e+03 7.220946e-04
3.075000e+00 2.611262e+03 6.799323e-04
3.100000e+00 2.435499e+03 6.352861e-04
3.125000e+00 2.250736e+03 5.881632e-04
3.150000e+00 2.057000e+03 5.385233e-04
3.175000e+00 1.855069e+03 4.865785e-04
3.200000e+00 1.648732e+03 4.332875e-04
3.225000e+00 1.442529e+03 3.798325e-04
3.250000e+00 1.241000e+03 3.274229e-04
3.275000e+00 1.048679e+03 2.772364e-04
3.300000e+00 8.700731e+02 2.304903e-04
3.325000e+00 7.096802e+02 1.883933e-04
3.350000e+00 5.720000e+02 1.521608e-04
3.375000e+00 4.599162e+02 1.226080e-04
3.400000e+00 3.698506e+02 9.881089e-05
3.425000e+00 2.966098e+02 7.941487e-05
3.450000e+00 2.350000e+02 6.306001e-05
3.475000e+00 1.798277e+02 4.836282e-05
3.500000e+00 1.258994e+02 3.393500e-05
3.525000e+00 6.802132e+01 1.837685e-05
3.550000e+00 1.000000e+00 2.707843e-07
3.575000e+00 0.000000e+00 0.000000e+00
3.600000e+00 0.000000e+00 0.000000e+00
3.625000e+00 0.000000e+00 0.000000e+00
3.650000e+00 0.000000e+00 0.000000e+00
3.675000e+00 0.000000e+00 0.000000e+00
3.700000e+00 0.000000e+00 0.000000e+00
3.725000e+00 0.000000e+00 0.000000e+00
3.750000e+00 0.000000e+00 0.000000e+00
3.775000e+00 0.000000e+00 0.000000e+00
3.800000e+00 0.000000e+00 0.000000e+00
3.825000e+00 0.000000e+00 0.000000e+00
3.850000e+00 0.000000e+00 0.000000e+00
3.875000e+00 0.000000e+00 0.000000e+00
3.900000e+00 0.000000e+00 0.000000e+00
3.925000e+00 0.000000e+00 0.000000e+00
3.950000e+00 0.000000e+00 0.000000e+00
3.975000e+00 0.000000e+00 0.000000e+00
4.000000e+00 0.000000e+00 0.000000e+00
4.025000e+00 0.000000e+00 0.000000e+00
4.050000e+00 0.000000e+00 0.000000e+00
4.075000e+00 0.000000e+00 0.000000e+00
4.100000e+00 0.000000e+00 0.000000e+00
4.125000e+00 0.000000e+00 0.000000e+00
4.150000e+00 0.000000e+00 0.000000e+00
4.175000e+00 0.000000e+00 0.000000e+00
4.200000e+00 0.000000e+00 0.000000e+00
4.225000e+00 0.000000e+00 0.000000e+00
4.250000e+00 0.000000e+00 0.000000e+00
4.275000e+00 0.000000e+00 0.000000e+00
4.300000e+00 0.000000e+00 0.000000e+00
4.325000e+00 0.000000e+00 0.000000e+00
4.350000e+00 0.000000e+00 0.000000e+00
4.375000e+00 0.000000e+00 0.000000e+00
4.400000e+00 0.000000e+00 0.000000e+00
4.425000e+00 0.000000e+00 0.000000e+00
4.450000e+00 0.000000e+00 0.000000e+00
4.475000e+00 0.000000e+00 0.000000e+00
4.500000e+00 0.000000e+00 0.000000e+00
4.525000e+00 0.000000e+00 0.000000e+00
4.550000e+00 0.000000e+00 0.000000e+00
4.575000e+00 0.000000e+00 0.000000e+00
4.600000e+00 0.000000e+00 0.000000e+00
4.625000e+00 0.000000e+00 0.000000e+00
4.650000e+00 0.000000e+00 0.000000e+00
4.675000e+00 0.000000e+00 0.000000e+00
4.700000e+00 0.000000e+00 0.000000e+00
4.725000e+00 0.000000e+00 0.000000e+00
4.750000e+00 0.000000e+00 0.000000e+00
4.775000e+00 0.000000e+00 0.000000e+00
4.800000e+00 0.000000e+00 0.000000e+00
4.825000e+00 0.000000e+00 0.000000e+00
4.850000e+00 0.000000e+00 0.000000e+00
4.875000e+00 0.000000e+00 0.000000e+00
4.900000e+00 0.000000e+00 0.000000e+00
4.925000e+00 0.000000e+00 0.000000e+00
4.950000e+00 0.000000e+00 0.000000e+00
4.975000e+00 0.000000e+00 0.000000e+00
5.000000e+00 0.000000e+00 0.000000e+00
5.025000e+00 0.000000e+00 0.000000e+00
5.050000e+00 0.000000e+00 0.000000e+00
5.075000e+00 0.000000e+00 0.000000e+00
5.100000e+00 0.000000e+00 0.000000e+00
5.125000e+00 0.000000e+00 0.000000e+00
5.150000e+00 0.000000e+00 0.000000e+00
5.175000e+00 0.000000e+00 0.000000e+00
5.200000e+00 0.000000e+00 0.000000e+00
5.225000e+00 0.000000e+00 0.000000e+00
5.250000e+00 0.000000e+00 0.000000e+00
5.275000e+00 0.000000e+00 0.000000e+00
5.300000e+00 0.000000e+00 0.000000e+00
5.325000e+00 0.000000e+00 0.000000e+00
5.350000e+00 0.000000e+00 0.000000e+00
5.375000e+00 0.000000e+00 0.000000e+00
5.400000e+00 0.000000e+00 0.000000e+00
5.425000e+00 0.000000e+00 0.000000e+00
5.450000e+00 0.000000e+00 0.000000e+00
5.475000e+00 0.000000e+00 0.000000e+00
5.500000e+00 0.000000e+00 0.000000e+00
5.525000e+00 0.000000e+00 0.000000e+00
5.550000e+00 0.000000e+00 0.000000e+00
5.575000e+00 0.000000e+00 0.000000e+00
5.600000e+00 0.000000e+00 0.000000e+00
5.625000e+00 0.000000e+00 0.000000e+00
