# z   n   n_V
1.900000e+00 0.000000e+00 0.000000e+00
1.925000e+00 0.000000e+00 0.000000e+00
1.950000e+00 0.000000e+00 0.000000e+00
1.975000e+00 0.000000e+00 0.000000e+00
2.000000e+00 0.000000e+00 0.000000e+00
2.025000e+00 0.000000e+00 0.000000e+00
2.050000e+00 0.000000e+00 0.000000e+00
2.075000e+00 0.000000e+00 0.000000e+00
2.100000e+00 0.000000e+00 0.000000e+00
2.125000e+00 0.000000e+00 0.000000e+00
2.150000e+00 0.000000e+00 0.000000e+00
2.175000e+00 0.000000e+00 0.000000e+00
2.200000e+00 0.000000e+00 0.000000e+00
2.225000e+00 0.000000e+00 0.000000e+00
2.250000e+00 0.000000e+00 0.000000e+00
2.275000e+00 0.000000e+00 0.000000e+00
2.300000e+00 0.000000e+00 0.000000e+00
2.325000e+00 0.000000e+00 0.000000e+00
2.350000e+00 0.000000e+00 0.000000e+00
2.375000e+00 0.000000e+00 0.000000e+00
2.400000e+00 0.000000e+00 0.000000e+00
2.425000e+00 0.000000e+00 0.000000e+00
2.450000e+00 0.000000e+00 0.000000e+00
2.475000e+00 0.000000e+00 0.000000e+00
2.500000e+00 0.000000e+00 0.000000e+00
2.525000e+00 0.000000e+00 0.000000e+00
2.550000e+00 0.000000e+00 0.000000e+00
2.575000e+00 0.000000e+00 0.000000e+00
2.600000e+00 0.000000e+00 0.000000e+00
2.625000e+00 0.000000e+00 0.000000e+00
2.650000e+00 0.000000e+00 0.000000e+00
2.675000e+00 0.000000e+00 0.000000e+00
2.700000e+00 0.000000e+00 0.000000e+00
2.725000e+00 0.000000e+00 0.000000e+00
2.750000e+00 0.000000e+00 0.000000e+00
2.775000e+00 0.000000e+00 0.000000e+00
2.800000e+00 0.000000e+00 0.000000e+00
2.825000e+00 0.000000e+00 0.000000e+00
2.850000e+00 0.000000e+00 0.000000e+00
2.875000e+00 0.000000e+00 0.000000e+00
2.900000e+00 0.000000e+00 0.000000e+00
2.925000e+00 0.000000e+00 0.000000e+00
2.950000e+00 0.000000e+00 0.000000e+00
2.975000e+00 0.000000e+00 0.000000e+00
3.000000e+00 0.000000e+00 0.000000e+00
3.025000e+00 0.000000e+00 0.000000e+00
3.050000e+00 0.000000e+00 0.000000e+00
3.075000e+00 0.000000e+00 0.000000e+00
3.100000e+00 0.000000e+00 0.000000e+00
3.125000e+00 0.000000e+00 0.000000e+00
3.150000e+00 0.000000e+00 0.000000e+00
3.175000e+00 0.000000e+00 0.000000e+00
3.200000e+00 0.000000e+00 0.000000e+00
3.225000e+00 0.000000e+00 0.000000e+00
3.250000e+00 0.000000e+00 0.000000e+00
3.275000e+00 0.000000e+00 0.000000e+00
3.300000e+00 0.000000e+00 0.000000e+00
3.325000e+00 0.000000e+00 0.000000e+00
3.350000e+00 0.000000e+00 0.000000e+00
3.375000e+00 0.000000e+00 0.000000e+00
3.400000e+00 0.000000e+00 0.000000e+00
3.425000e+00 0.000000e+00 0.000000e+00
3.450000e+00 0.000000e+00 0.000000e+00
3.475000e+00 0.000000e+00 0.000000e+00
3.500000e+00 0.000000e+00 0.000000e+00
3.525000e+00 0.000000e+00 0.000000e+00
3.550000e+00 0.000000e+00 0.000000e+00
3.575000e+00 0.000000e+00 0.000000e+00
3.600000e+00 0.000000e+00 0.000000e+00
3.625000e+00 0.000000e+00 0.000000e+00
3.650000e+00 0.000000e+00 0.000000e+00
3.675000e+00 0.000000e+00 0.000000e+00
3.700000e+00 0.000000e+00 0.000000e+00
3.725000e+00 0.000000e+00 0.000000e+00
3.750000e+00 0.000000e+00 0.000000e+00
3.775000e+00 0.000000e+00 0.000000e+00
3.800000e+00 0.000000e+00 0.000000e+00
3.825000e+00 0.000000e+00 0.000000e+00
3.850000e+00 0.000000e+00 0.000000e+00
3.875000e+00 0.000000e+00 0.000000e+00
3.900000e+00 0.000000e+00 0.000000e+00
3.925000e+00 1.000000e+00 2.809055e-07
3.950000e+00 9.079566e+00 2.557098e-06
3.975000e+00 1.555154e+01 4.390957e-06
4.000000e+00 2.049774e+01 5.802484e-06
4.025000e+00 2.400000e+01 6.811900e-06
4.050000e+00 2.614014e+01 7.438719e-06
4.075000e+00 2.700000e+01 7.703259e-06
4.100000e+00 2.688562e+01 7.690965e-06
4.125000e+00 2.700000e+01 7.744452e-06
4.150000e+00 2.844236e+01 8.179689e-06
4.175000e+00 3.100000e+01 8.938643e-06
4.200000e+00 3.459494e+01 1.000214e-05
4.225000e+00 4.100000e+01 1.188626e-05
4.250000e+00 5.167788e+01 1.502182e-05
4.275000e+00 6.500000e+01 1.894457e-05
4.300000e+00 7.919356e+01 2.314438e-05
4.325000e+00 9.500000e+01 2.784041e-05
4.350000e+00 1.134229e+02 3.332911e-05
4.375000e+00 1.340000e+02 3.948123e-05
4.400000e+00 1.572399e+02 4.645584e-05
4.425000e+00 1.890000e+02 5.599522e-05
4.450000e+00 2.353677e+02 6.992370e-05
4.475000e+00 2.980000e+02 8.876946e-05
4.500000e+00 3.776644e+02 1.128098e-04
4.525000e+00 4.760000e+02 1.425832e-04
4.550000e+00 5.917249e+02 1.777425e-04
4.575000e+00 7.110000e+02 2.141520e-04
4.600000e+00 8.173111e+02 2.468479e-04
4.625000e+00 8.960000e+02 2.713730e-04
4.650000e+00 9.401557e+02 2.855556e-04
4.675000e+00 9.720000e+02 2.960484e-04
4.700000e+00 1.013816e+03 3.096283e-04
4.725000e+00 1.059000e+03 3.243275e-04
4.750000e+00 1.096079e+03 3.366367e-04
4.775000e+00 1.123000e+03 3.458882e-04
4.800000e+00 1.137617e+03 3.513635e-04
4.825000e+00 1.128000e+03 3.493509e-04
4.850000e+00 1.086579e+03 3.374659e-04
4.875000e+00 1.033000e+03 3.217426e-04
4.900000e+00 9.869424e+02 3.082777e-04
4.925000e+00 9.410000e+02 2.947464e-04
4.950000e+00 8.840264e+02 2.776642e-04
4.975000e+00 8.170000e+02 2.573328e-04
5.000000e+00 7.448270e+02 2.352717e-04
5.025000e+00 6.760000e+02 2.141469e-04
5.050000e+00 6.177905e+02 1.962568e-04
5.075000e+00 5.690000e+02 1.812557e-04
5.100000e+00 5.262609e+02 1.681108e-04
5.125000e+00 4.860000e+02 1.556924e-04
5.150000e+00 4.451660e+02 1.430241e-04
5.175000e+00 4.030000e+02 1.298459e-04
5.200000e+00 3.593253e+02 1.160946e-04
5.225000e+00 3.140000e+02 1.017324e-04
5.250000e+00 2.672830e+02 8.684152e-05
5.275000e+00 2.210000e+02 7.201034e-05
5.300000e+00 1.769176e+02 5.781370e-05
5.325000e+00 1.350000e+02 4.424029e-05
5.350000e+00 9.554640e+01 3.139746e-05
5.375000e+00 6.200000e+01 2.043066e-05
5.400000e+00 3.764674e+01 1.244080e-05
5.425000e+00 2.200000e+01 7.291092e-06
5.450000e+00 1.349164e+01 4.484262e-06
5.475000e+00 1.000000e+01 3.333093e-06
5.500000e+00 9.265050e+00 3.096627e-06
5.525000e+00 9.026756e+00 3.025390e-06
5.550000e+00 7.025084e+00 2.361174e-06
5.575000e+00 1.000000e+00 3.370710e-07
5.600000e+00 0.000000e+00 0.000000e+00
5.625000e+00 0.000000e+00 0.000000e+00
